5552 60 0 0 2d 0 2 96 0 0 01 0 1 14 321919 000000000000ffffffff0000000000000 2 000 400 0000 - @
5552 5f 0 0 2d 0 2 96 0 0 01 0 1 14 321919 000000000000ffffffff0000000000000 2 000 419 0000 - A
5552 5b 0 0 2d 0 2 96 0 0 01 0 1 14 321919 000000000000ffffffff0000000000000 2 000 432 0000 - C - Fan Active/Grill Off
5552 5a 0 0 2d 0 2 96 0 0 01 0 1 14 321919 000000000000ffffffff0000000000000 0 000 44b 0000 - D - Fan Off/Grill Off

5552 59 0 0 2d 0 2 96 0 0 01 0 1 14 321919 000000000000ffffffff0000000000000 2 000 400 0000 - Fan Active/Grill Off
5552 5a 0 0 2d 0 2 96 0 0 01 0 1 14 321919 000000000000ffffffff0000000000000 0 000 100 0000 - Fan Off/Grill Off

5552 45 0 1 50 0 0 45 0 1 01 0 1 14 321919 000000000000ffffffff00000000a8000 1 000 364 0000
5552 45 0 1 55 0 0 45 0 1 01 0 1 14 321919 000000000000ffffffff00000000a8000 1 000 364 0000

5552 45 0 1 5e 0 0 45 0 1 01 0 1 14 321919 000000000000ffffffff00000000a8000 1 000 364 0000

5552 a1 00 2d 02 96 00 01 01 14 321919 000000000000ffffffff00000000 ab 00 01 000 364 0000
5552 45 01 5e 00 45 01 01 01 14 321919 000000000000ffffffff00000000 a8 00 01 000 364 0000
[--] [---] [---] [---]                                              [----]
CMD   CGT  CFT   DGT                                                DFT

55529b002d029b00010114321919000000000000ffffffff000000000000010003640000
5552 8a 00 2d 02 96 00 01 01 14 321919000000000000ffffffff0000000000000200044b0000